x	y
continuous	continuous
	
0.0958663886329	0.478932112632
0.103806254734	0.449071123618
0.110260421101	0.453821953657
0.101427151782	0.46361775292
0.107473157632	0.437902440243
0.111384582107	0.469375046915
0.114617156009	0.453157264506
0.124368325882	0.472952503499
0.103861221408	0.448789046248
0.0954468724666	0.463922685235
0.114902610322	0.466802608471
0.109418844853	0.446795032025
0.103459797977	0.448027766529
0.0914930261129	0.467543853981
0.0883528036227	0.45946523003
0.0959561048129	0.457796621213
0.107760975231	0.463868775011
0.107179899099	0.459190798776
0.111966800969	0.470884700215
0.0953328978942	0.471304154064
0.0892464942518	0.463658446903
0.117679989189	0.468644104025
0.0875345815315	0.470662639452
0.0806223509718	0.442346211967
0.0881409540215	0.475979773042
0.0932250268286	0.476030809317
0.0995466807839	0.49600729285
0.113001820008	0.479920684949
0.115134492543	0.503008306008
0.1267070161	0.515117824216
0.116442355412	0.498707072494
0.100035651669	0.524232415282
0.105167433339	0.519601393105
0.106569500328	0.51577555363
0.10056681232	0.518348316679
0.115351468588	0.503028989317
0.123888164368	0.548041321294
0.134612143679	0.551878073686
0.109452899837	0.532442792031
0.120468007452	0.553988215628
0.11822948153	0.550616350491
0.107384225839	0.558920447047
0.124963550548	0.538841467185
0.111897155451	0.549021902117
0.132019034913	0.556257152257
0.125283581428	0.560855464825
0.134185563712	0.557867335269
0.116413368371	0.554143146406
0.150681630501	0.566976238013
0.131654553911	0.579453376886
0.125374630407	0.551640795225
0.149343133608	0.577011696283
0.146218761826	0.575429999324
0.134201087532	0.567845619097
0.160161548317	0.558316828433
0.146585589386	0.572337381469
0.139275217996	0.584983469802
0.146920650466	0.58505109625
0.140285076123	0.582356622607
0.14446366847	0.57395222277
0.14147155293	0.597602295564
0.151068610255	0.57699177797
0.161988770682	0.590986984738
0.166592534165	0.575578734846
0.166155585476	0.601306294327
0.152909905323	0.567223183784
0.164128380363	0.594471094681
0.167829715084	0.579867648095
0.156912336259	0.578472761925
0.195304511948	0.573092992338
0.175219076113	0.577910207299
0.153802752962	0.599780297353
0.177880938971	0.609371523746
0.199258993711	0.587258030748
0.183230332202	0.61412259612
0.202542608309	0.600763197751
0.175804067701	0.582894145502
0.188019021106	0.616631380041
0.204289756368	0.601774026761
0.177780209481	0.593879000723
0.19648457997	0.585408714329
0.214320696384	0.600325748756
0.21431835427	0.616235249052
0.212604922691	0.603499657573
0.206501856669	0.616963342752
0.208689068259	0.600499948267
0.210332505216	0.611639906484
0.218173836496	0.607124539827
0.208970604862	0.601112243569
0.231454853372	0.608969695716
0.217088661058	0.609879946917
0.214540085779	0.606637310243
0.207115679087	0.626291234577
0.226437393842	0.613390249764
0.222280228274	0.624385185019
0.214255088066	0.593475304887
0.235401946992	0.608183445409
0.211665929847	0.634279212416
0.220227819251	0.605061574606
0.242311427938	0.614669771512
0.249522392214	0.630844989398
0.244281452369	0.61729379489
0.25379515754	0.610200112632
0.229201563942	0.60710921126
0.264325248735	0.624957552169
0.272836298794	0.615930777332
0.26216835821	0.616205422933
0.26762150445	0.613194779104
0.28702827412	0.639046656945
0.259936862716	0.625058049128
0.256651901114	0.613799531924
0.270798453934	0.624748771506
0.291202822299	0.607026433254
0.281821595298	0.618811198018
0.298799666438	0.598011124682
0.298760262656	0.619243704838
0.285619997728	0.609893272027
0.286328723077	0.611353316729
0.296567733136	0.614108199407
0.301168995456	0.599237871413
0.332857836037	0.608503757212
0.308478543602	0.615075140466
0.300590726614	0.603651720492
0.291268601311	0.607805601297
0.287662712994	0.598645675198
0.301998897498	0.587812457297
0.281583636189	0.626186891487
0.315755809471	0.613810824784
0.305496551044	0.604359061613
0.298826120627	0.600758340293
0.309542283385	0.613712245696
0.325145555408	0.615699427201
0.320806354967	0.602931454993
0.321773431071	0.596098271863
0.335551319299	0.610134285639
0.311909895789	0.5944801134
0.309709387736	0.597790176067
0.321085717242	0.620884711974
0.324181596781	0.599672399348
0.344819625188	0.577917916311
0.358164793108	0.594472495855
0.329884950608	0.593698319585
0.338804975869	0.600725429401
0.352409500391	0.579224576199
0.335781329599	0.579948722107
0.355875807818	0.600454672093
0.343462381157	0.586585210996
0.356368829067	0.597845692374
0.34694248366	0.570187021824
0.370254386789	0.588467623341
0.346687811836	0.598614617041
0.357441346943	0.576086306855
0.360859249357	0.555766543248
0.354079664913	0.52723465471
0.368120431521	0.576912627039
0.357998804954	0.569547758254
0.373146476802	0.566884837854
0.355754566228	0.5413860331
0.350654639327	0.555570541877
0.383168736101	0.580068421698
0.364951034417	0.554170024865
0.392672712421	0.556342513454
0.374503278745	0.570056585391
0.384083708364	0.555994709132
0.375608224841	0.537786782883
0.39784435565	0.553986448446
0.380698176611	0.558610986331
0.378219003272	0.562512078654
0.392835595575	0.544451664207
0.401016192216	0.535846734389
0.405292789952	0.547777990802
0.387264159334	0.56247737069
0.399478338388	0.528561764269
0.41235051604	0.534486606818
0.402715550184	0.528587083283
0.383097406435	0.511278420266
0.418982260073	0.499518411753
0.404646036507	0.509559413473
0.404820136815	0.516308167262
0.408456451057	0.51397152211
0.411717283365	0.510316756898
0.406347687214	0.49739446079
0.402052281488	0.499724382432
0.400169832319	0.524149546126
0.416623259661	0.502867502027
0.422284200479	0.51627111996
0.423736848535	0.506193747191
0.41278924574	0.49348289796
0.421940048383	0.494529827312
0.429585382742	0.503601820826
0.408068321763	0.485195612014
0.40846301352	0.510030679787
0.42160645905	0.471513582374
0.415773529612	0.490318638287
0.42010799228	0.480741268803
0.406286564306	0.51073185849
0.41272020444	0.485650264086
0.442607146736	0.466774857124
0.427058278179	0.472501883917
0.417036998461	0.469324426624
0.42712957137	0.458784711553
0.421894633152	0.466120108582
0.429013594834	0.450204187648
0.431209382877	0.451247270973
0.425702977831	0.433314338571
0.422490126599	0.4529651971
0.434929906975	0.448612331523
0.439523858363	0.450114285228
0.41587729915	0.447203999158
0.423623491981	0.434998963022
0.421062884628	0.446502854334
0.424722554634	0.433042366289
0.432712304626	0.423036565887
0.421747001157	0.428507191576
0.428261104789	0.440754365111
0.417241941828	0.407901044429
0.42024839204	0.428073125185
0.424630137297	0.434035869028
0.431584702733	0.41613394287
0.433562726998	0.453500523723
0.444116946246	0.41041679631
0.428491748693	0.415593814792
0.444563956173	0.424133151129
0.431315530953	0.423367094811
0.430248453494	0.408934194762
0.414631060564	0.415620333021
0.429799313103	0.399046100525
0.432138746657	0.4031648954
0.446654699162	0.418477317339
0.442256945862	0.396220848546
0.433060873928	0.39419808007
0.433655045584	0.402519038091
0.43171975541	0.401018930419
0.424630995456	0.405842971238
0.445405283528	0.40429994853
0.430786313534	0.406803303729
0.442386656783	0.387502006879
0.416303195315	0.420405507298
0.439832704135	0.405762010822
0.447846181656	0.384345493072
0.437686786679	0.389905522281
0.454007947604	0.412638310195
0.440677675564	0.396620615311
0.42063020463	0.383388807273
0.430413541118	0.406396236871
0.449255701339	0.396101604911
0.434425826197	0.420678488216
0.452035207724	0.382147373595
0.436714248262	0.403347108435
0.450440952331	0.402381107794
0.417440904313	0.379832152591
0.458115145715	0.382101787949
0.439518257705	0.39456396815
0.446114840636	0.404938004322
0.438597392352	0.388532687736
0.438602948216	0.38673702215
0.44149907469	0.395253436776
0.441171065568	0.392723152572
0.423655028628	0.387670280915
0.416010413928	0.389677964938
0.424651294233	0.387644504904
0.42733465136	0.382924606136
0.446613915415	0.392987080076
0.448500701083	0.408746293393
0.445451644396	0.402703618448
0.430781654479	0.375267078246
0.431929005716	0.414972064189
0.434225283868	0.389321072836
0.439811460993	0.392824237219
0.449090426593	0.387246778367
0.444545577538	0.388672824273
0.433899865721	0.3706654485
0.442290750649	0.398162977742
0.440614571703	0.372458794887
0.43600280292	0.388121065608
0.445345593095	0.394938702481
